523 2860 2311 2798 190 1722 1983 2746 2098 1962 998 119 2020 1983 2234 2020 218 2746 2960 2740 1442 998 190 87 721 934 1165 167 934 100 1197 1674 111 111 111 2596 1674 111 111 2596 2621 1674 111 549 868 304 636 718 636 2959 1442 638 1949 792 403 1590 1722 2867 895 1674 2867 1674 1722 2036 
2229 1722 1722 2914 1957 2073 1122 1344 1932 1952 726 464 636 1722 2712 739 464 2229 1168 2953 2909 1293 1722 1282 462 1282 1297 220 851 1545 707 2953 896 2959 1949 792 1722 1949 792 1991 2860 279 2746 1665 1704 1447 2319 998 718 2334 2621 2746 2621 1991 1391 2871 1541 998 670 638 1460 868 2758 426 2484 2877 1939 1677 1824 1442 638 2877 1991 100 2473 2877 737 1122 2490 2484 2877 737 1722 100 1047 670 638 69 2461 1282 737 1504 2484 2877 1168 1824 87 721 1460 1722 1400 1981 2286 1578 100 28 2991 119 614 2286 934 1722 1442 638 2286 2458 54 3038 334 2300 75 1168 138 2891 1980 87 721 100 886 2286 1578 1168 754 2583 2286 830 2109 2583 100 2372 197 100 1549 3056 934 104 2979 1549 28 868 707 2979 1549 2827 1282 2959 2746 2180 2959 523 878 998 1674 1549 111 2596 276 625 2891 2979 100 2929 1541 1382 2979 2461 1282 2472 767 718 868 767 2905 2021 2953 34 1168 896 352 868 393 3089 280 1627 393 2655 896 197 1722 1058 260 2432 1433 890 448 373 792 2668 1272 1718 2596 1718 1722 448 1823 868 155 1678 740 1460 1722 2888 1204 790 2689 2621 2552 557 28 526 189 1722 1888 2013 3089 636 2888 923 1991 923 874 28 208 890 823 2508 1674 923 111 2596 540 349 1991 874 119 1595 709 1433 934 1722 2795 923 2746 1946 2200 890 998 474 923 2746 173 874 1329 998 474 923 3089 1200 469 890 1981 2825 1623 2206 1614 923 2013 934 1766 617 1722 87 721 2577 934 2229 2878 1891 1722 923 894 812 87 721 934 1460 1722 1891 812 1436 1018 119 812 53 2229 1722 2770 87 721 1962 754 2959 1442 638 792 1949 792 304 636 119 2621 2621 3089 2780 1824 87 721 2203 923 2770 747 890 890 2596 1981 2825 890 492 2770 2203 923 890 1686 934 1722 2229 1137 1722 2746 969 998 28 2648 2373 190 1674 2036 
2984 934 50 1549 87 721 1598 387 1674 87 721 934 8 104 2979 2640 1549 1137 2579 218 50 1549 87 721 1484 969 1282 2959 2746 2849 969 1549 998 934 1824 87 721 868 707 508 2508 2518 643 655 51 1282 868 2564 2286 2666 868 2583 718 1131 2234 2851 3032 87 721 1571 1722 868 1272 934 1824 1893 110 2110 1955 2774 110 188 2332 2746 2916 2094 111 998 934 1030 1408 2970 1168 1571 1000 1842 110 2244 110 2676 110 1168 2004 1168 61 1822 1620 630 270 934 514 87 721 13 308 1927 2751 1960 1952 2746 998 1297 2129 1615 458 2459 2655 2746 998 2373 190 1674 2746 998 702 2478 2770 1058 783 2793 788 2108 28 2746 998 1446 1822 2854 639 2621 2285 2891 1163 1571 34 394 715 1058 783 2793 989 2015 1272 1246 934 514 2888 87 721 197 2621 2552 1137 58 719 100 167 87 721 2218 352 2201 791 934 514 638 2621 800 1572 3070 2100 2036 
934 2206 868 1842 2372 119 1208 792 2372 934 592 462 1282 1924 1524 1722 718 1952 996 2372 1195 868 1842 2372 119 1208 792 2785 2458 2909 2372 1629 1615 2751 868 1884 1246 1195 934 514 1571 28 702 2478 2770 270 2036 
1826 934 713 1165 87 721 2955 1334 1475 253 586 1824 87 721 984 1079 3079 2223 87 721 2036 
2332 403 314 969 1549 2746 1382 998 87 721 934 575 636 2042 2621 1282 718 87 721 3089 1460 2042 2621 1282 1722 1307 1546 87 721 2931 1962 851 2959 969 1549 958 87 721 2846 2621 1856 1824 851 2959 969 1549 2366 1050 1807 319 3089 1499 2598 304 636 2206 1282 2959 951 1549 2905 2621 3089 1392 555 754 1282 111 302 791 934 2206 1246 1208 700 754 1282 111 1551 2746 2319 998 2860 2896 2036 
1992 1282 2727 1446 1722 1749 2012 526 1446 3056 2986 1932 754 815 199 239 754 1204 696 816 2286 2398 34 1992 718 564 1297 1791 526 1238 3043 2751 3089 75 1168 1906 514 2712 498 607 2333 984 1502 1991 1786 2520 607 2569 1095 2173 2301 1722 1502 3043 2712 2036 
1208 2780 934 2780 1246 1391 1704 1507 1045 2896 1282 111 1551 869 442 2621 1246 1208 934 1460 2780 1246 1208 469 3032 713 1208 2725 712 1208 555 934 1991 2125 2860 1674 1722 2036 
2238 918 239 2020 2234 2223 792 1434 1571 239 1824 2945 1524 2746 2603 918 1168 1948 998 426 918 1571 239 1824 2945 1524 2746 2603 918 1168 1948 998 718 1948 600 1116 1572 2208 2746 2603 918 998 2855 2945 2028 1541 2879 2036 
1674 183 934 1392 2079 1168 625 1005 231 2432 138 2814 1507 1864 1722 1168 2137 1991 1208 523 1208 792 868 1860 2365 625 2125 1507 1507 1168 40 2411 502 2424 2746 168 998 427 80 469 1208 2125 2424 2746 168 998 427 80 469 625 2125 1507 1507 1168 40 234 1005 2621 1163 2079 984 2860 868 3050 1208 792 2875 523 1208 868 255 2238 3014 2135 2125 270 1208 713 2125 1168 1732 2527 40 2125 1507 270 2125 2875 1507 934 3001 1722 868 1293 1045 1507 1191 1598 1507 1722 2063 2137 1293 40 2677 1507 1191 2203 1282 2734 1722 469 2125 1507 1827 712 793 1507 2545 895 1674 822 1507 2036 
2364 2194 948 1413 934 2028 469 792 1949 270 2006 978 1678 1864 948 702 1168 2648 2021 2217 2036 
718 754 2411 2028 1272 1723 1044 221 1168 1738 211 1722 2751 1168 2601 754 754 1272 1991 1429 1722 718 1272 754 934 1272 2583 600 2341 203 1677 754 802 1058 868 2786 934 331 301 754 2150 1167 2300 1168 2147 301 551 1168 101 301 2762 820 34 3089 718 1722 718 1197 2036 
1193 <enddoc>
142 1446 2842 2621 111 514 1079 1171 1962 1344 1722 2751 28 1122 2229 1722 2712 464 270 2036 
2878 2621 2229 2878 2079 1891 3089 823 850 2508 2842 884 2229 373 792 1149 403 890 218 448 2229 1743 2746 2959 1208 792 994 998 1334 68 649 868 1571 1824 636 304 2959 1949 792 28 1722 1058 494 1746 194 1823 2892 2621 119 2928 2888 2561 2968 648 2888 1722 934 582 1165 1662 600 492 2045 469 1722 492 823 2508 1058 2036 
923 1722 1546 2520 890 2950 923 111 540 2825 1991 874 1891 600 3056 2621 555 2892 2621 194 1058 1445 1722 923 823 2508 24 492 2621 1364 3089 1722 2947 1098 2371 304 1752 874 2849 649 868 923 765 1722 3089 2458 1595 709 2470 874 1899 3089 684 890 979 923 712 923 1991 2300 1546 934 816 617 1999 923 2036 
1992 1297 1791 1992 526 1446 3043 754 3043 1923 2751 2511 403 2034 754 304 636 815 239 1962 28 1501 848 823 2036 
2920 2768 2920 403 713 304 1752 1722 718 636 274 934 1824 304 636 110 2371 469 2378 2698 784 2909 784 868 1388 100 2372 2809 464 1333 304 636 2334 1723 2545 2202 721 2770 3032 2686 1791 768 1992 526 784 1571 820 2422 2957 1927 2129 1952 702 3050 2446 324 463 704 2108 28 2478 2770 1316 934 1460 1824 948 1952 28 2648 1389 1297 2129 1615 2459 2655 458 1160 839 905 2092 1737 938 2170 2372 1621 1674 1722 1047 1571 820 784 934 1722 87 721 1594 1316 321 1949 2334 110 934 1722 765 526 1596 321 1949 1722 1891 3089 868 24 1058 884 464 934 1460 868 87 721 1594 2878 2485 2036 
87 721 209 969 352 321 87 721 934 1204 2621 2655 2892 270 586 934 2361 923 874 2229 403 1363 87 721 352 1594 923 2780 111 2596 87 721 2218 119 713 1165 3088 984 1079 997 2621 3088 1803 2223 1031 2864 2229 304 1752 1031 190 2614 2229 2036 
1540 119 649 1272 2229 304 1752 2842 1112 718 2621 153 223 2917 649 1722 1824 2621 153 223 2917 87 721 2036 
1583 2875 1842 110 2244 3076 2676 197 100 1939 1677 969 3056 965 2676 2984 2244 110 2036 
1507 1939 1677 2908 1198 2079 2079 1168 625 1507 2432 1722 2561 1030 1723 306 2079 1722 2036 
1193 <enddoc>
84 2469 2746 111 111 111 998 142 630 1822 2286 1162 2621 2746 111 998 868 2746 2916 1641 111 998 462 2746 111 998 2601 2685 1891 1722 1641 2346 2884 2169 1079 31 2932 2458 54 2285 934 575 754 119 100 335 934 403 1344 1937 1722 1079 703 1120 1722 1641 1171 1674 1722 660 1860 2905 436 752 1079 1338 607 2909 1168 2892 2229 1722 1824 469 1864 2905 1282 660 2334 2371 2041 2785 2000 2371 2041 752 2371 119 2041 119 2334 2036 
2413 2678 1440 1015 2892 2229 469 1565 1891 2746 998 373 792 2746 998 2476 2491 2746 998 448 874 754 2746 998 448 890 1722 754 2746 998 2596 846 934 1991 2746 998 2042 894 890 2746 2916 2413 2678 111 998 2036 
1440 28 754 1044 2013 1044 1641 2273 1962 3089 583 559 239 934 1571 868 1044 304 636 2746 111 998 969 469 1565 2746 998 718 403 2746 1208 792 1442 638 2727 998 2746 998 648 403 2746 1772 2677 2704 2171 1099 998 2746 998 844 403 2746 844 3093 844 287 998 2746 998 845 403 2746 444 1309 2975 1594 2746 1594 111 998 1891 2238 1891 1594 2677 1891 1594 845 2093 845 1309 2206 1824 998 622 791 1208 661 868 393 934 2229 2036 
861 2031 2577 1460 2229 934 1101 868 2206 1722 1641 861 2577 2746 861 2577 111 998 1058 1594 1058 2343 2760 1594 2645 845 2093 360 2746 845 2093 360 111 998 1293 1594 2760 1460 2229 868 1101 1706 3039 3094 2647 1963 1157 589 861 2577 2953 934 2387 1722 1044 1641 2343 1571 737 2031 1131 874 2746 2031 2577 111 998 2031 2577 934 2229 764 874 1400 2614 197 1722 2031 2577 464 868 3038 1641 791 1738 2621 869 2343 1246 2860 353 2125 2036 
923 934 1722 540 874 2825 2984 874 119 1595 709 713 2621 368 2621 555 1197 2432 1891 2655 508 291 2746 923 111 998 1981 823 2892 2485 908 3056 555 2644 1722 2947 2627 884 3056 2727 117 2079 1891 923 958 1874 754 874 1884 2933 1472 934 1602 2947 1329 923 1595 709 2300 1614 923 934 754 2026 1475 1546 319 100 335 934 1722 2947 868 2878 403 1615 1722 1641 68 100 335 1722 923 2256 321 2520 9 1722 1641 923 713 934 1123 1246 923 2361 87 721 2591 1891 1366 2056 2329 1123 2432 923 1722 100 335 934 2229 263 636 874 119 373 792 448 1501 1400 448 2520 2338 1131 2432 1433 2079 577 2668 2520 1594 648 1772 2917 1545 1722 868 2621 648 2520 2552 1165 3056 923 2322 276 2036 
2393 2378 2698 1460 934 1722 2085 838 1066 2825 2432 1949 868 1138 2432 1949 1991 108 2813 2491 2621 119 890 2746 2393 111 998 2229 2878 1014 1722 1641 3018 2278 2218 1722 1949 1812 1076 1704 1991 2229 2393 958 2482 2812 172 2852 1722 1641 3018 2278 2218 954 1949 464 2036 
14 934 1722 87 721 2784 1137 1641 791 896 1432 1572 1432 2928 1141 2655 802 1706 448 2784 2229 1101 69 2892 2338 908 202 1722 1722 2229 2833 1496 1135 138 1641 410 1722 1761 1168 1906 636 1282 896 2878 2621 2036 
1937 3056 2413 2678 1541 2101 1088 1212 2082 111 934 1269 1664 3056 1272 1392 1329 2970 934 2526 1402 1044 2238 270 302 156 2036 
868 2334 1540 2229 2699 2917 148 2851 1540 119 2842 31 2906 2746 1454 111 998 1188 1893 2478 731 2409 2699 934 2686 1674 1722 1722 1641 2334 2409 2699 868 1722 1641 2334 2409 2699 1168 178 1047 868 586 2036 
1540 119 2842 31 2906 1454 2034 3089 2229 2699 2917 148 2238 2699 2917 148 2205 109 2711 1722 1641 1641 1042 2699 649 2229 2371 2917 148 1797 1246 2371 2917 148 1168 1722 1627 2322 2699 2746 1893 2478 731 998 1738 3089 1722 1641 1795 1168 1329 2491 2036 
119 1722 934 1722 1016 1044 1158 1594 934 1722 718 403 1991 812 1641 718 1952 969 996 1330 1550 2760 811 1722 1044 861 2577 934 1722 648 403 2413 2678 844 403 845 403 2627 927 884 1641 1949 393 2979 352 52 1856 1231 2724 555 1722 1641 934 1571 1722 958 1594 2596 138 2760 1594 2334 934 1460 1722 2314 1431 2746 2000 87 721 1431 998 790 1025 2371 2888 1309 845 194 1025 1722 2878 2712 3089 1590 2322 108 2036 
1824 1824 1044 1565 2229 1864 270 969 270 934 2206 2000 1824 3018 1594 791 2387 2645 845 2093 360 1722 1641 551 2760 934 1824 845 2093 360 1594 2867 934 934 1824 718 403 2413 2678 648 403 844 403 845 403 1594 2206 1701 1641 28 2627 2056 894 934 1824 54 2285 87 721 2888 2746 2777 2314 998 2049 934 1824 2314 87 721 600 1431 790 1025 2371 2888 1309 845 194 1824 2413 2678 100 335 1119 1204 1159 2746 2835 2263 313 403 1937 1992 998 2301 1341 1641 1860 138 1044 861 2577 2343 2621 100 335 1827 895 2012 1992 768 2118 1168 1722 718 403 2635 2583 100 1620 868 1272 845 2975 934 1824 718 403 2318 600 1991 1603 2814 2318 1168 1722 718 403 1991 1603 2814 934 1824 1044 54 1847 969 1932 2314 1014 100 335 1981 2651 1596 1044 2056 2857 934 2984 1842 110 1137 2304 1583 1675 2875 1168 1722 1957 2073 2137 2984 1924 1723 739 1824 1980 2262 2893 87 721 1603 464 2036 
2621 2757 934 2206 868 2875 3089 2526 754 1722 1641 2300 1168 575 754 1722 1044 757 1546 1641 1571 2036 
768 1992 1334 1047 868 1168 1050 1807 1168 1824 87 721 2849 948 13 308 2751 2229 1952 2746 998 702 2108 28 2478 2770 2746 998 1446 1822 639 2170 1842 721 2746 998 2373 1674 1722 2746 998 1627 1095 625 352 2874 1822 468 2036 
815 1755 2038 3088 1620 1456 768 969 1999 698 1620 1309 844 1950 2906 2746 111 998 622 1627 1541 625 1168 752 1620 768 630 393 733 1631 119 1674 1722 2036 
2891 934 1152 1541 625 2842 510 245 1811 954 2891 1864 1807 52 90 514 304 1752 2891 245 2028 934 1471 1860 2229 87 721 934 1722 1864 2429 2332 2232 2036 
1992 1992 2273 469 2644 752 1749 2012 1446 276 1385 1246 791 69 2132 513 1722 520 2149 2086 765 2746 1522 111 998 564 138 13 308 2073 3056 520 1339 1813 954 2891 492 55 2645 1992 1843 1168 2751 1924 3088 514 2712 2851 1168 1722 1957 2073 2137 1518 314 2751 2746 314 1962 998 2819 1960 1678 1598 820 2036 
1767 2063 2217 2137 718 403 1767 2186 1722 1999 918 2875 1168 1200 718 403 1282 2860 896 497 2036 
2860 1507 1939 1677 2079 2907 1507 2860 1392 1541 663 1168 625 2908 934 1460 115 2137 1864 2970 1722 2229 1723 306 2079 2229 2036 
2332 2905 2621 1641 3089 1392 969 2472 1507 2918 869 754 1282 2411 1272 1168 1722 2914 1957 2073 1329 1282 2472 2300 934 528 1200 1282 1999 2631 1402 1620 1329 403 868 845 2093 360 469 1855 1282 1282 1594 845 2093 360 276 1641 415 2621 1191 2200 1282 1949 157 1826 713 1165 87 721 2955 1824 984 1079 934 1758 2496 3088 934 739 2150 1165 2527 2536 77 1982 3089 1843 2508 1371 582 1866 1891 1116 87 721 3079 2223 158 718 2166 1629 34 718 2469 1190 826 1005 1169 406 1442 286 523 2860 505 2797 985 2469 1822 1939 2036 
1193 <enddoc>
2746 111 111 111 111 998 552 1722 2845 2020 1911 2234 639 1860 2301 2746 2916 1962 1641 111 1830 111 998 630 142 1446 1168 702 802 2932 2586 820 2561 1722 2621 1641 997 2223 492 2229 2036 
100 3022 1641 1475 1546 2644 858 2056 2056 134 1981 1050 589 331 2621 230 1460 958 1878 1666 1005 1546 1051 138 1018 3038 1805 1387 934 1316 1018 193 2229 962 894 1641 2209 1672 2812 2229 1050 1807 1334 2817 2036 
1344 1722 1641 2229 1114 868 1722 1641 934 868 2959 792 1442 638 1208 978 2581 2092 1093 934 1318 791 2905 1095 2813 651 2225 262 1755 1786 1641 2645 360 1691 1272 934 1460 868 87 721 1641 791 1824 2225 262 1182 1650 1786 1949 934 1729 2229 894 1641 110 319 28 812 1641 934 2229 2247 2974 520 1722 74 1017 765 1168 1722 2614 2645 28 1168 1824 305 721 1334 314 1952 2645 28 702 2932 820 2875 135 735 1571 1722 934 2229 2330 1992 638 2746 111 998 520 1722 74 1017 765 2034 754 815 2591 2318 1571 2666 1044 812 1051 1446 675 2751 1050 1235 1836 938 2926 1972 1238 702 2932 1631 968 584 784 923 2393 923 3020 2926 3089 2984 874 2926 1109 208 636 890 1722 1641 934 2361 1116 923 874 2926 1109 934 1722 923 1578 2655 1641 3056 1282 2472 1293 894 1641 791 3056 555 1722 923 1981 823 2508 1641 636 2331 2892 194 526 1596 2056 3056 934 512 1098 2362 2049 2871 2813 2079 934 720 2896 890 979 923 2724 3032 197 890 2300 2206 1614 923 172 589 1546 1641 1168 1501 617 1460 2432 1641 934 969 2393 2926 2825 2120 2621 1891 2432 636 1044 923 874 2926 1109 754 2432 2229 2301 468 923 2393 1766 1594 2056 1366 2892 857 923 2655 1722 1641 791 468 934 1722 923 2135 1018 193 1891 1641 934 2780 923 2128 2689 1594 2056 1366 1123 1344 2817 2432 1641 934 1722 468 2393 2619 319 1722 403 494 1162 2655 1641 2619 934 1722 2878 1891 28 823 812 868 1018 518 934 189 794 2547 14 2733 2892 857 923 468 1594 3089 24 2135 1018 3038 1805 1888 202 2520 1460 794 2547 14 2979 1366 569 735 24 492 321 569 321 2301 1891 3089 2627 321 1123 1722 2547 321 2896 2020 1109 2020 890 934 720 2896 2020 1109 2020 890 1615 923 274 1044 2020 1109 3022 342 2020 1109 1722 720 1992 2896 2020 1109 2596 3032 868 2020 1594 2020 1109 995 2966 869 1722 1641 874 2926 1109 622 1114 874 2491 969 211 923 2520 1882 792 890 2745 1460 462 896 1272 2432 1723 2013 1891 2330 836 1722 2330 132 1137 816 707 1641 934 754 2330 1366 2472 138 2343 1824 1722 2851 2596 3032 1171 2330 1366 1282 857 1824 1282 2950 2950 87 721 934 896 2812 2508 2518 2286 464 2950 896 87 721 1168 3012 1807 87 721 934 2569 2248 2036 
2966 2751 2768 1722 2229 622 1501 1641 1460 1722 1627 1272 582 2056 948 1168 189 1805 2273 142 1446 636 304 2206 1050 1807 2746 111 998 1168 1824 868 305 2891 2013 1641 469 2698 2909 2909 1042 1824 791 2206 718 2225 262 1755 1641 2959 1208 792 1168 2514 1650 1391 1594 2347 1594 1981 1501 1641 100 934 2601 754 1952 1204 1723 1674 335 508 100 934 2601 100 335 754 1952 707 812 100 335 1723 1674 2478 1620 31 1593 13 308 1927 754 1722 744 2751 1960 1952 2746 998 1560 1833 820 584 2478 2770 1696 2015 1272 2746 998 2373 2648 2092 1621 1674 1722 2746 998 597 1389 1047 1627 1160 1992 2564 1629 2746 998 2666 473 2686 816 2746 998 1446 1822 639 2170 2621 2891 1593 2304 1583 905 2304 1675 360 2984 1583 100 2045 357 1629 2461 3028 950 989 324 934 2984 1053 100 868 2891 1999 636 1168 1446 203 270 1282 2472 636 304 1168 1152 203 87 721 1334 2851 1050 902 2206 868 2891 2013 1641 2746 2472 2432 510 245 998 1168 1446 138 2107 2757 138 2891 984 2206 276 2891 2013 1641 2135 321 193 403 1722 1641 1050 203 2878 1168 636 304 87 721 1334 2851 1979 2206 1627 3070 707 2959 718 1168 673 2878 2218 1824 87 721 2849 1598 934 1824 2888 2878 468 304 636 2371 1783 868 2249 227 2763 2852 2880 1044 448 2036 
2225 262 1051 868 954 1672 2225 262 1049 791 138 2343 2471 1583 1349 2813 958 2621 625 34 558 2601 2813 172 2079 2931 104 2343 1750 510 1715 2225 262 2371 471 1050 336 2343 1641 1010 1640 230 934 1460 958 2621 2166 1010 2929 1773 694 2036 
1208 2639 934 1246 1208 1114 2238 791 1297 2129 1641 2319 2362 735 625 2813 1583 92 1991 1391 630 2752 857 1208 1247 1282 3089 3018 555 1282 2577 1460 3089 857 1253 448 393 469 3032 969 1208 1991 1163 1212 226 1044 1208 1247 934 2526 239 1208 2273 122 1889 2036 
1881 1344 87 721 119 468 321 2491 321 1366 1594 468 2218 2746 321 2540 111 998 934 868 1018 934 1471 1641 2095 823 1981 526 1596 1018 321 2540 934 1722 923 2393 1277 465 989 765 1722 896 2621 2655 2432 1891 1797 448 189 2621 321 2540 1722 765 321 2540 1723 2150 1572 1797 321 2540 1640 1366 2056 2329 2757 765 2746 877 998 167 469 1601 693 2547 1502 1677 2579 1366 2056 2329 707 2780 2577 1047 2063 1891 1594 119 1830 1123 54 1594 512 54 1594 469 2966 1641 1786 923 2393 3089 1123 2393 2233 2547 14 1421 2619 1881 549 1168 673 1246 2842 2056 549 1123 1168 673 2135 321 927 555 2966 1445 2036 
2668 2678 3089 868 2249 193 1659 2746 958 2020 1109 1991 2668 998 934 1722 868 652 2056 1191 2203 1546 3089 1614 2668 2020 1109 2036 
2740 1203 107 2740 1203 107 2421 1852 491 1722 1723 1852 1031 2036 
468 2492 762 1641 934 1165 110 1860 2371 1044 1216 934 905 2673 1182 468 468 934 2229 2621 119 326 2697 87 721 2596 2322 87 721 1615 2036 
956 934 754 304 1752 2229 956 1949 934 1460 477 2982 2189 304 1752 1991 1272 2346 2189 1446 1992 1168 1297 1957 191 1774 203 1293 1703 754 138 2277 2036 
492 2308 1168 2907 2207 2343 2621 934 138 104 2343 2207 934 969 1044 868 2959 1949 718 2849 1123 969 2207 1182 2964 2896 1282 2036 
1873 2746 111 998 2621 754 1182 2907 2166 2042 2613 2621 719 2746 998 2746 2302 111 998 2225 262 1010 2746 1010 111 998 1010 1168 754 276 2302 1949 792 2959 1347 420 894 2621 2621 2746 998 2302 119 1058 620 2225 262 2746 111 998 1722 1044 812 771 1531 812 1168 754 276 1010 1949 792 915 2959 1347 420 894 1010 1044 2796 1208 1891 2842 1981 2036 
1540 2917 148 1168 649 2229 304 1752 2372 2917 148 1641 2719 2255 1890 2372 2917 148 2036 
1937 1992 2731 1168 2770 3056 2986 2835 2205 109 1297 1957 191 1446 2621 1824 969 1932 1492 2770 936 1131 1493 3043 754 2751 1385 1786 2520 3089 2066 520 2300 1412 1722 1115 276 1168 1402 1750 2107 1282 239 868 1641 702 2478 1831 1074 2686 1620 2373 2036 
718 3089 754 2860 1329 868 1282 2472 869 1282 1208 2375 1119 857 868 3089 1412 1329 896 141 1831 1074 2686 2238 34 1031 1079 1208 1163 934 2908 2079 2079 2392 108 3050 231 2266 1781 1722 1641 2867 1674 2860 1586 2816 2036 
1193 <enddoc>